OP_CODE: 1, Mode:0, Color Set:0, Brightness:7.
Iteration  1
[255,   0,   0]
[255,   0,   0]
[255,   0,   0]
[255,   0,   0]
[255,   0,   0]
[255,   0,   0]
[255,   0,   0]
[255,   0,   0]
[255,   0,   0]
[255,   0,   0]
Iteration  2
[255,   0,   0]
[255,   0,   0]
[255,   0,   0]
[255,   0,   0]
[255,   0,   0]
[255,   0,   0]
[255,   0,   0]
[255,   0,   0]
[255,   0,   0]
[255,   0,   0]
Iteration  3
[255,   0,   0]
[255,   0,   0]
[255,   0,   0]
[255,   0,   0]
[255,   0,   0]
[255,   0,   0]
[255,   0,   0]
[255,   0,   0]
[255,   0,   0]
[255,   0,   0]
Iteration  4
[255,   0,   0]
[255,   0,   0]
[255,   0,   0]
[255,   0,   0]
[255,   0,   0]
[255,   0,   0]
[255,   0,   0]
[255,   0,   0]
[255,   0,   0]
[255,   0,   0]
Iteration  5
[255,   0,   0]
[255,   0,   0]
[255,   0,   0]
[255,   0,   0]
[255,   0,   0]
[255,   0,   0]
[255,   0,   0]
[255,   0,   0]
[255,   0,   0]
[255,   0,   0]


OP_CODE: 2, Mode:1, Color Set:0, Brightness:7.
Iteration  1
[  0,   0,   0]
[  0,   0,   0]
[  0,   0,   0]
[  0,   0,   0]
[  0,   0,   0]
[  0,   0,   0]
[  0,   0,   0]
[  0,   0,   0]
[  0,   0,   0]
[  0,   0,   0]
Iteration  2
[255,   0,   0]
[255,   0,   0]
[255,   0,   0]
[255,   0,   0]
[255,   0,   0]
[255,   0,   0]
[255,   0,   0]
[255,   0,   0]
[255,   0,   0]
[255,   0,   0]
Iteration  3
[  0,   0,   0]
[  0,   0,   0]
[  0,   0,   0]
[  0,   0,   0]
[  0,   0,   0]
[  0,   0,   0]
[  0,   0,   0]
[  0,   0,   0]
[  0,   0,   0]
[  0,   0,   0]
Iteration  4
[255,   0,   0]
[255,   0,   0]
[255,   0,   0]
[255,   0,   0]
[255,   0,   0]
[255,   0,   0]
[255,   0,   0]
[255,   0,   0]
[255,   0,   0]
[255,   0,   0]
Iteration  5
[  0,   0,   0]
[  0,   0,   0]
[  0,   0,   0]
[  0,   0,   0]
[  0,   0,   0]
[  0,   0,   0]
[  0,   0,   0]
[  0,   0,   0]
[  0,   0,   0]
[  0,   0,   0]


OP_CODE: 2, Mode:2, Color Set:0, Brightness:7.
Iteration  1
[230, 168, 190]
[234, 222, 218]
[  9,  64, 116]
[ 60, 105, 151]
[ 90, 219, 255]
[255, 221,  74]
[254, 144,   0]
[130,   2,  99]
[217,   3, 104]
[226, 113, 161]
Iteration  2
[226, 113, 161]
[230, 168, 190]
[234, 222, 218]
[  9,  64, 116]
[ 60, 105, 151]
[ 90, 219, 255]
[255, 221,  74]
[254, 144,   0]
[130,   2,  99]
[217,   3, 104]
Iteration  3
[217,   3, 104]
[226, 113, 161]
[230, 168, 190]
[234, 222, 218]
[  9,  64, 116]
[ 60, 105, 151]
[ 90, 219, 255]
[255, 221,  74]
[254, 144,   0]
[130,   2,  99]
Iteration  4
[130,   2,  99]
[217,   3, 104]
[226, 113, 161]
[230, 168, 190]
[234, 222, 218]
[  9,  64, 116]
[ 60, 105, 151]
[ 90, 219, 255]
[255, 221,  74]
[254, 144,   0]
Iteration  5
[254, 144,   0]
[130,   2,  99]
[217,   3, 104]
[226, 113, 161]
[230, 168, 190]
[234, 222, 218]
[  9,  64, 116]
[ 60, 105, 151]
[ 90, 219, 255]
[255, 221,  74]


OP_CODE: 2, Mode:0, Color Set:0, Brightness:7.
Iteration  1
[255,   0,   0]
[255,   0,   0]
[255,   0,   0]
[255,   0,   0]
[255,   0,   0]
[255,   0,   0]
[255,   0,   0]
[255,   0,   0]
[255,   0,   0]
[255,   0,   0]
Iteration  2
[255,   0,   0]
[255,   0,   0]
[255,   0,   0]
[255,   0,   0]
[255,   0,   0]
[255,   0,   0]
[255,   0,   0]
[255,   0,   0]
[255,   0,   0]
[255,   0,   0]
Iteration  3
[255,   0,   0]
[255,   0,   0]
[255,   0,   0]
[255,   0,   0]
[255,   0,   0]
[255,   0,   0]
[255,   0,   0]
[255,   0,   0]
[255,   0,   0]
[255,   0,   0]
Iteration  4
[255,   0,   0]
[255,   0,   0]
[255,   0,   0]
[255,   0,   0]
[255,   0,   0]
[255,   0,   0]
[255,   0,   0]
[255,   0,   0]
[255,   0,   0]
[255,   0,   0]
Iteration  5
[255,   0,   0]
[255,   0,   0]
[255,   0,   0]
[255,   0,   0]
[255,   0,   0]
[255,   0,   0]
[255,   0,   0]
[255,   0,   0]
[255,   0,   0]
[255,   0,   0]


OP_CODE: 2, Mode:1, Color Set:0, Brightness:7.
Iteration  1
[  0,   0,   0]
[  0,   0,   0]
[  0,   0,   0]
[  0,   0,   0]
[  0,   0,   0]
[  0,   0,   0]
[  0,   0,   0]
[  0,   0,   0]
[  0,   0,   0]
[  0,   0,   0]
Iteration  2
[255,   0,   0]
[255,   0,   0]
[255,   0,   0]
[255,   0,   0]
[255,   0,   0]
[255,   0,   0]
[255,   0,   0]
[255,   0,   0]
[255,   0,   0]
[255,   0,   0]
Iteration  3
[  0,   0,   0]
[  0,   0,   0]
[  0,   0,   0]
[  0,   0,   0]
[  0,   0,   0]
[  0,   0,   0]
[  0,   0,   0]
[  0,   0,   0]
[  0,   0,   0]
[  0,   0,   0]
Iteration  4
[255,   0,   0]
[255,   0,   0]
[255,   0,   0]
[255,   0,   0]
[255,   0,   0]
[255,   0,   0]
[255,   0,   0]
[255,   0,   0]
[255,   0,   0]
[255,   0,   0]
Iteration  5
[  0,   0,   0]
[  0,   0,   0]
[  0,   0,   0]
[  0,   0,   0]
[  0,   0,   0]
[  0,   0,   0]
[  0,   0,   0]
[  0,   0,   0]
[  0,   0,   0]
[  0,   0,   0]


OP_CODE: 4, Mode:1, Color Set:1, Brightness:7.
Iteration  1
[  0,   0,   0]
[  0,   0,   0]
[  0,   0,   0]
[  0,   0,   0]
[  0,   0,   0]
[  0,   0,   0]
[  0,   0,   0]
[  0,   0,   0]
[  0,   0,   0]
[  0,   0,   0]
Iteration  2
[  0, 255,   0]
[  0, 255,   0]
[  0, 255,   0]
[  0, 255,   0]
[  0, 255,   0]
[  0, 255,   0]
[  0, 255,   0]
[  0, 255,   0]
[  0, 255,   0]
[  0, 255,   0]
Iteration  3
[  0,   0,   0]
[  0,   0,   0]
[  0,   0,   0]
[  0,   0,   0]
[  0,   0,   0]
[  0,   0,   0]
[  0,   0,   0]
[  0,   0,   0]
[  0,   0,   0]
[  0,   0,   0]
Iteration  4
[  0, 255,   0]
[  0, 255,   0]
[  0, 255,   0]
[  0, 255,   0]
[  0, 255,   0]
[  0, 255,   0]
[  0, 255,   0]
[  0, 255,   0]
[  0, 255,   0]
[  0, 255,   0]
Iteration  5
[  0,   0,   0]
[  0,   0,   0]
[  0,   0,   0]
[  0,   0,   0]
[  0,   0,   0]
[  0,   0,   0]
[  0,   0,   0]
[  0,   0,   0]
[  0,   0,   0]
[  0,   0,   0]


OP_CODE: 4, Mode:1, Color Set:2, Brightness:7.
Iteration  1
[  0,   0,   0]
[  0,   0,   0]
[  0,   0,   0]
[  0,   0,   0]
[  0,   0,   0]
[  0,   0,   0]
[  0,   0,   0]
[  0,   0,   0]
[  0,   0,   0]
[  0,   0,   0]
Iteration  2
[  0,   0, 255]
[  0,   0, 255]
[  0,   0, 255]
[  0,   0, 255]
[  0,   0, 255]
[  0,   0, 255]
[  0,   0, 255]
[  0,   0, 255]
[  0,   0, 255]
[  0,   0, 255]
Iteration  3
[  0,   0,   0]
[  0,   0,   0]
[  0,   0,   0]
[  0,   0,   0]
[  0,   0,   0]
[  0,   0,   0]
[  0,   0,   0]
[  0,   0,   0]
[  0,   0,   0]
[  0,   0,   0]
Iteration  4
[  0,   0, 255]
[  0,   0, 255]
[  0,   0, 255]
[  0,   0, 255]
[  0,   0, 255]
[  0,   0, 255]
[  0,   0, 255]
[  0,   0, 255]
[  0,   0, 255]
[  0,   0, 255]
Iteration  5
[  0,   0,   0]
[  0,   0,   0]
[  0,   0,   0]
[  0,   0,   0]
[  0,   0,   0]
[  0,   0,   0]
[  0,   0,   0]
[  0,   0,   0]
[  0,   0,   0]
[  0,   0,   0]


OP_CODE: 4, Mode:1, Color Set:3, Brightness:7.
Iteration  1
[  0,   0,   0]
[  0,   0,   0]
[  0,   0,   0]
[  0,   0,   0]
[  0,   0,   0]
[  0,   0,   0]
[  0,   0,   0]
[  0,   0,   0]
[  0,   0,   0]
[  0,   0,   0]
Iteration  2
[255, 255,   0]
[255, 255,   0]
[255, 255,   0]
[255, 255,   0]
[255, 255,   0]
[255, 255,   0]
[255, 255,   0]
[255, 255,   0]
[255, 255,   0]
[255, 255,   0]
Iteration  3
[  0,   0,   0]
[  0,   0,   0]
[  0,   0,   0]
[  0,   0,   0]
[  0,   0,   0]
[  0,   0,   0]
[  0,   0,   0]
[  0,   0,   0]
[  0,   0,   0]
[  0,   0,   0]
Iteration  4
[255, 255,   0]
[255, 255,   0]
[255, 255,   0]
[255, 255,   0]
[255, 255,   0]
[255, 255,   0]
[255, 255,   0]
[255, 255,   0]
[255, 255,   0]
[255, 255,   0]
Iteration  5
[  0,   0,   0]
[  0,   0,   0]
[  0,   0,   0]
[  0,   0,   0]
[  0,   0,   0]
[  0,   0,   0]
[  0,   0,   0]
[  0,   0,   0]
[  0,   0,   0]
[  0,   0,   0]


OP_CODE: 4, Mode:1, Color Set:4, Brightness:7.
Iteration  1
[  0,   0,   0]
[  0,   0,   0]
[  0,   0,   0]
[  0,   0,   0]
[  0,   0,   0]
[  0,   0,   0]
[  0,   0,   0]
[  0,   0,   0]
[  0,   0,   0]
[  0,   0,   0]
Iteration  2
[255, 100,   0]
[255, 100,   0]
[255, 100,   0]
[255, 100,   0]
[255, 100,   0]
[255, 100,   0]
[255, 100,   0]
[255, 100,   0]
[255, 100,   0]
[255, 100,   0]
Iteration  3
[  0,   0,   0]
[  0,   0,   0]
[  0,   0,   0]
[  0,   0,   0]
[  0,   0,   0]
[  0,   0,   0]
[  0,   0,   0]
[  0,   0,   0]
[  0,   0,   0]
[  0,   0,   0]
Iteration  4
[255, 100,   0]
[255, 100,   0]
[255, 100,   0]
[255, 100,   0]
[255, 100,   0]
[255, 100,   0]
[255, 100,   0]
[255, 100,   0]
[255, 100,   0]
[255, 100,   0]
Iteration  5
[  0,   0,   0]
[  0,   0,   0]
[  0,   0,   0]
[  0,   0,   0]
[  0,   0,   0]
[  0,   0,   0]
[  0,   0,   0]
[  0,   0,   0]
[  0,   0,   0]
[  0,   0,   0]


OP_CODE: 5, Mode:1, Color Set:3, Brightness:7.
Iteration  1
[  0,   0,   0]
[  0,   0,   0]
[  0,   0,   0]
[  0,   0,   0]
[  0,   0,   0]
[  0,   0,   0]
[  0,   0,   0]
[  0,   0,   0]
[  0,   0,   0]
[  0,   0,   0]
Iteration  2
[255, 255,   0]
[255, 255,   0]
[255, 255,   0]
[255, 255,   0]
[255, 255,   0]
[255, 255,   0]
[255, 255,   0]
[255, 255,   0]
[255, 255,   0]
[255, 255,   0]
Iteration  3
[  0,   0,   0]
[  0,   0,   0]
[  0,   0,   0]
[  0,   0,   0]
[  0,   0,   0]
[  0,   0,   0]
[  0,   0,   0]
[  0,   0,   0]
[  0,   0,   0]
[  0,   0,   0]
Iteration  4
[255, 255,   0]
[255, 255,   0]
[255, 255,   0]
[255, 255,   0]
[255, 255,   0]
[255, 255,   0]
[255, 255,   0]
[255, 255,   0]
[255, 255,   0]
[255, 255,   0]
Iteration  5
[  0,   0,   0]
[  0,   0,   0]
[  0,   0,   0]
[  0,   0,   0]
[  0,   0,   0]
[  0,   0,   0]
[  0,   0,   0]
[  0,   0,   0]
[  0,   0,   0]
[  0,   0,   0]


OP_CODE: 5, Mode:1, Color Set:3, Brightness:7.
Iteration  1
[  0,   0,   0]
[  0,   0,   0]
[  0,   0,   0]
[  0,   0,   0]
[  0,   0,   0]
[  0,   0,   0]
[  0,   0,   0]
[  0,   0,   0]
[  0,   0,   0]
[  0,   0,   0]
Iteration  2
[255, 255,   0]
[255, 255,   0]
[255, 255,   0]
[255, 255,   0]
[255, 255,   0]
[255, 255,   0]
[255, 255,   0]
[255, 255,   0]
[255, 255,   0]
[255, 255,   0]
Iteration  3
[  0,   0,   0]
[  0,   0,   0]
[  0,   0,   0]
[  0,   0,   0]
[  0,   0,   0]
[  0,   0,   0]
[  0,   0,   0]
[  0,   0,   0]
[  0,   0,   0]
[  0,   0,   0]
Iteration  4
[255, 255,   0]
[255, 255,   0]
[255, 255,   0]
[255, 255,   0]
[255, 255,   0]
[255, 255,   0]
[255, 255,   0]
[255, 255,   0]
[255, 255,   0]
[255, 255,   0]
Iteration  5
[  0,   0,   0]
[  0,   0,   0]
[  0,   0,   0]
[  0,   0,   0]
[  0,   0,   0]
[  0,   0,   0]
[  0,   0,   0]
[  0,   0,   0]
[  0,   0,   0]
[  0,   0,   0]


OP_CODE: 6, Mode:1, Color Set:3, Brightness:7.
Iteration  1
[  0,   0,   0]
[  0,   0,   0]
[  0,   0,   0]
[  0,   0,   0]
[  0,   0,   0]
[  0,   0,   0]
[  0,   0,   0]
[  0,   0,   0]
[  0,   0,   0]
[  0,   0,   0]
Iteration  2
[255, 255,   0]
[255, 255,   0]
[255, 255,   0]
[255, 255,   0]
[255, 255,   0]
[255, 255,   0]
[255, 255,   0]
[255, 255,   0]
[255, 255,   0]
[255, 255,   0]
Iteration  3
[  0,   0,   0]
[  0,   0,   0]
[  0,   0,   0]
[  0,   0,   0]
[  0,   0,   0]
[  0,   0,   0]
[  0,   0,   0]
[  0,   0,   0]
[  0,   0,   0]
[  0,   0,   0]
Iteration  4
[255, 255,   0]
[255, 255,   0]
[255, 255,   0]
[255, 255,   0]
[255, 255,   0]
[255, 255,   0]
[255, 255,   0]
[255, 255,   0]
[255, 255,   0]
[255, 255,   0]
Iteration  5
[  0,   0,   0]
[  0,   0,   0]
[  0,   0,   0]
[  0,   0,   0]
[  0,   0,   0]
[  0,   0,   0]
[  0,   0,   0]
[  0,   0,   0]
[  0,   0,   0]
[  0,   0,   0]


OP_CODE: 6, Mode:1, Color Set:3, Brightness:7.
Iteration  1
[  0,   0,   0]
[  0,   0,   0]
[  0,   0,   0]
[  0,   0,   0]
[  0,   0,   0]
[  0,   0,   0]
[  0,   0,   0]
[  0,   0,   0]
[  0,   0,   0]
[  0,   0,   0]
Iteration  2
[255, 255,   0]
[255, 255,   0]
[255, 255,   0]
[255, 255,   0]
[255, 255,   0]
[255, 255,   0]
[255, 255,   0]
[255, 255,   0]
[255, 255,   0]
[255, 255,   0]
Iteration  3
[  0,   0,   0]
[  0,   0,   0]
[  0,   0,   0]
[  0,   0,   0]
[  0,   0,   0]
[  0,   0,   0]
[  0,   0,   0]
[  0,   0,   0]
[  0,   0,   0]
[  0,   0,   0]
Iteration  4
[255, 255,   0]
[255, 255,   0]
[255, 255,   0]
[255, 255,   0]
[255, 255,   0]
[255, 255,   0]
[255, 255,   0]
[255, 255,   0]
[255, 255,   0]
[255, 255,   0]
Iteration  5
[  0,   0,   0]
[  0,   0,   0]
[  0,   0,   0]
[  0,   0,   0]
[  0,   0,   0]
[  0,   0,   0]
[  0,   0,   0]
[  0,   0,   0]
[  0,   0,   0]
[  0,   0,   0]


OP_CODE: 7, Mode:1, Color Set:3, Brightness:6.
Iteration  1
[  0,   0,   0]
[  0,   0,   0]
[  0,   0,   0]
[  0,   0,   0]
[  0,   0,   0]
[  0,   0,   0]
[  0,   0,   0]
[  0,   0,   0]
[  0,   0,   0]
[  0,   0,   0]
Iteration  2
[255, 255,   0]
[255, 255,   0]
[255, 255,   0]
[255, 255,   0]
[255, 255,   0]
[255, 255,   0]
[255, 255,   0]
[255, 255,   0]
[255, 255,   0]
[255, 255,   0]
Iteration  3
[  0,   0,   0]
[  0,   0,   0]
[  0,   0,   0]
[  0,   0,   0]
[  0,   0,   0]
[  0,   0,   0]
[  0,   0,   0]
[  0,   0,   0]
[  0,   0,   0]
[  0,   0,   0]
Iteration  4
[255, 255,   0]
[255, 255,   0]
[255, 255,   0]
[255, 255,   0]
[255, 255,   0]
[255, 255,   0]
[255, 255,   0]
[255, 255,   0]
[255, 255,   0]
[255, 255,   0]
Iteration  5
[  0,   0,   0]
[  0,   0,   0]
[  0,   0,   0]
[  0,   0,   0]
[  0,   0,   0]
[  0,   0,   0]
[  0,   0,   0]
[  0,   0,   0]
[  0,   0,   0]
[  0,   0,   0]


OP_CODE: 7, Mode:1, Color Set:3, Brightness:5.
Iteration  1
[  0,   0,   0]
[  0,   0,   0]
[  0,   0,   0]
[  0,   0,   0]
[  0,   0,   0]
[  0,   0,   0]
[  0,   0,   0]
[  0,   0,   0]
[  0,   0,   0]
[  0,   0,   0]
Iteration  2
[255, 255,   0]
[255, 255,   0]
[255, 255,   0]
[255, 255,   0]
[255, 255,   0]
[255, 255,   0]
[255, 255,   0]
[255, 255,   0]
[255, 255,   0]
[255, 255,   0]
Iteration  3
[  0,   0,   0]
[  0,   0,   0]
[  0,   0,   0]
[  0,   0,   0]
[  0,   0,   0]
[  0,   0,   0]
[  0,   0,   0]
[  0,   0,   0]
[  0,   0,   0]
[  0,   0,   0]
Iteration  4
[255, 255,   0]
[255, 255,   0]
[255, 255,   0]
[255, 255,   0]
[255, 255,   0]
[255, 255,   0]
[255, 255,   0]
[255, 255,   0]
[255, 255,   0]
[255, 255,   0]
Iteration  5
[  0,   0,   0]
[  0,   0,   0]
[  0,   0,   0]
[  0,   0,   0]
[  0,   0,   0]
[  0,   0,   0]
[  0,   0,   0]
[  0,   0,   0]
[  0,   0,   0]
[  0,   0,   0]


OP_CODE: 7, Mode:1, Color Set:3, Brightness:4.
Iteration  1
[  0,   0,   0]
[  0,   0,   0]
[  0,   0,   0]
[  0,   0,   0]
[  0,   0,   0]
[  0,   0,   0]
[  0,   0,   0]
[  0,   0,   0]
[  0,   0,   0]
[  0,   0,   0]
Iteration  2
[255, 255,   0]
[255, 255,   0]
[255, 255,   0]
[255, 255,   0]
[255, 255,   0]
[255, 255,   0]
[255, 255,   0]
[255, 255,   0]
[255, 255,   0]
[255, 255,   0]
Iteration  3
[  0,   0,   0]
[  0,   0,   0]
[  0,   0,   0]
[  0,   0,   0]
[  0,   0,   0]
[  0,   0,   0]
[  0,   0,   0]
[  0,   0,   0]
[  0,   0,   0]
[  0,   0,   0]
Iteration  4
[255, 255,   0]
[255, 255,   0]
[255, 255,   0]
[255, 255,   0]
[255, 255,   0]
[255, 255,   0]
[255, 255,   0]
[255, 255,   0]
[255, 255,   0]
[255, 255,   0]
Iteration  5
[  0,   0,   0]
[  0,   0,   0]
[  0,   0,   0]
[  0,   0,   0]
[  0,   0,   0]
[  0,   0,   0]
[  0,   0,   0]
[  0,   0,   0]
[  0,   0,   0]
[  0,   0,   0]


OP_CODE:15, Mode:1, Color Set:7, Brightness:4.
Iteration  1
[  0,   0,   0]
[  0,   0,   0]
[  0,   0,   0]
[  0,   0,   0]
[  0,   0,   0]
[  0,   0,   0]
[  0,   0,   0]
[  0,   0,   0]
[  0,   0,   0]
[  0,   0,   0]
Iteration  2
[255, 255, 255]
[255, 255, 255]
[255, 255, 255]
[255, 255, 255]
[255, 255, 255]
[255, 255, 255]
[255, 255, 255]
[255, 255, 255]
[255, 255, 255]
[255, 255, 255]
Iteration  3
[  0,   0,   0]
[  0,   0,   0]
[  0,   0,   0]
[  0,   0,   0]
[  0,   0,   0]
[  0,   0,   0]
[  0,   0,   0]
[  0,   0,   0]
[  0,   0,   0]
[  0,   0,   0]
Iteration  4
[255, 255, 255]
[255, 255, 255]
[255, 255, 255]
[255, 255, 255]
[255, 255, 255]
[255, 255, 255]
[255, 255, 255]
[255, 255, 255]
[255, 255, 255]
[255, 255, 255]
Iteration  5
[  0,   0,   0]
[  0,   0,   0]
[  0,   0,   0]
[  0,   0,   0]
[  0,   0,   0]
[  0,   0,   0]
[  0,   0,   0]
[  0,   0,   0]
[  0,   0,   0]
[  0,   0,   0]


OP_CODE:13, Mode:1, Color Set:5, Brightness:4.
Iteration  1
[  0,   0,   0]
[  0,   0,   0]
[  0,   0,   0]
[  0,   0,   0]
[  0,   0,   0]
[  0,   0,   0]
[  0,   0,   0]
[  0,   0,   0]
[  0,   0,   0]
[  0,   0,   0]
Iteration  2
[255,   0, 255]
[255,   0, 255]
[255,   0, 255]
[255,   0, 255]
[255,   0, 255]
[255,   0, 255]
[255,   0, 255]
[255,   0, 255]
[255,   0, 255]
[255,   0, 255]
Iteration  3
[  0,   0,   0]
[  0,   0,   0]
[  0,   0,   0]
[  0,   0,   0]
[  0,   0,   0]
[  0,   0,   0]
[  0,   0,   0]
[  0,   0,   0]
[  0,   0,   0]
[  0,   0,   0]
Iteration  4
[255,   0, 255]
[255,   0, 255]
[255,   0, 255]
[255,   0, 255]
[255,   0, 255]
[255,   0, 255]
[255,   0, 255]
[255,   0, 255]
[255,   0, 255]
[255,   0, 255]
Iteration  5
[  0,   0,   0]
[  0,   0,   0]
[  0,   0,   0]
[  0,   0,   0]
[  0,   0,   0]
[  0,   0,   0]
[  0,   0,   0]
[  0,   0,   0]
[  0,   0,   0]
[  0,   0,   0]


OP_CODE:12, Mode:1, Color Set:4, Brightness:4.
Iteration  1
[  0,   0,   0]
[  0,   0,   0]
[  0,   0,   0]
[  0,   0,   0]
[  0,   0,   0]
[  0,   0,   0]
[  0,   0,   0]
[  0,   0,   0]
[  0,   0,   0]
[  0,   0,   0]
Iteration  2
[255, 100,   0]
[255, 100,   0]
[255, 100,   0]
[255, 100,   0]
[255, 100,   0]
[255, 100,   0]
[255, 100,   0]
[255, 100,   0]
[255, 100,   0]
[255, 100,   0]
Iteration  3
[  0,   0,   0]
[  0,   0,   0]
[  0,   0,   0]
[  0,   0,   0]
[  0,   0,   0]
[  0,   0,   0]
[  0,   0,   0]
[  0,   0,   0]
[  0,   0,   0]
[  0,   0,   0]
Iteration  4
[255, 100,   0]
[255, 100,   0]
[255, 100,   0]
[255, 100,   0]
[255, 100,   0]
[255, 100,   0]
[255, 100,   0]
[255, 100,   0]
[255, 100,   0]
[255, 100,   0]
Iteration  5
[  0,   0,   0]
[  0,   0,   0]
[  0,   0,   0]
[  0,   0,   0]
[  0,   0,   0]
[  0,   0,   0]
[  0,   0,   0]
[  0,   0,   0]
[  0,   0,   0]
[  0,   0,   0]


Space Odyssey.Part4.v:103: $finish called at 1900 (1s)
